         1          0.000          0.000          0.000
         2          0.000          0.993          0.000
         3          0.000          1.987          0.000
         4          0.000          2.980          0.000
         5          0.000          3.973          0.000
         6          0.000          4.967          0.000
         7          0.000          5.960          0.000
         8          0.850          0.000          0.000
         9          0.850          5.960          0.000
        10          1.183          0.000          0.000
        11          1.350          5.960          0.000
        12          1.517          0.000          0.000
        13          1.850          0.000          0.000
        14          1.850          5.960          0.000
        15          2.700          0.000          0.000
        16          2.700          5.960          0.000
        17          3.600          0.000          0.000
        18          3.600          5.960          0.000
        19          4.500          0.000          0.000
        20          4.500          5.960          0.000
        21          5.400          0.000          0.000
        22          5.400          5.960          0.000
        23          6.250          0.000          0.000
        24          6.250          5.960          0.000
        25          6.583          5.960          0.000
        26          6.750          0.000          0.000
        27          6.917          5.960          0.000
        28          7.250          0.000          0.000
        29          7.250          5.960          0.000
        30          8.100          0.000          0.000
        31          8.100          0.993          0.000
        32          8.100          1.987          0.000
        33          8.100          2.980          0.000
        34          8.100          3.973          0.000
        35          8.100          4.967          0.000
        36          8.100          5.960          0.000
        37          8.880          0.000          0.000
        38          9.150          5.960          0.000
        39          9.660          0.000          0.000
        40          9.650          5.960          0.000
        41         10.150          5.960          0.000
        42         10.440          0.000          0.000
        43         10.650          5.960          0.000
        44         11.440          0.000          0.000
        45         11.700          0.000          0.000
        46         11.700          0.993          0.000
        47         11.700          1.987          0.000
        48         11.700          2.980          0.000
        49         11.700          3.973          0.000
        50         11.700          4.967          0.000
        51         11.700          5.960          0.000
        52         12.550          0.000          0.000
        53         12.550          5.960          0.000
        54         12.883          0.000          0.000
        55         13.050          5.960          0.000
        56         13.217          0.000          0.000
        57         13.550          0.000          0.000
        58         13.550          5.960          0.000
        59         14.400          0.000          0.000
        60         14.400          5.960          0.000
        61         15.075          5.960          0.000
        62         15.300          0.000          0.000
        63         15.750          5.960          0.000
        64         16.200          0.000          0.000
        65         16.425          5.960          0.000
        66         17.100          0.000          0.000
        67         17.100          5.960          0.000
        68         17.950          0.000          0.000
        69         17.950          5.960          0.000
        70         18.283          5.960          0.000
        71         18.450          0.000          0.000
        72         18.617          5.960          0.000
        73         18.950          0.000          0.000
        74         18.950          5.960          0.000
        75         19.800          0.000          0.000
        76         19.800          0.933          0.000
        77         19.800          1.865          0.000
        78         19.800          2.331          0.000
        79         19.800          2.798          0.000
        80         19.800          3.730          0.000
        81         19.800          4.288          0.000
        82         19.800          4.845          0.000
        83         19.800          5.960          0.000
        84         19.800          6.710          0.000
        85         19.800          7.460          0.000
        86         20.425          0.000          0.000
        87         21.050          0.000          0.000
        88         21.030          7.460          0.000
        89         21.405          7.460          0.000
        90         21.675          0.000          0.000
        91         21.780          7.460          0.000
        92         22.155          7.460          0.000
        93         22.300          0.000          0.000
        94         22.530          7.460          0.000
        95         23.300          0.000          0.000
        96         23.760         -1.750          0.000
        97         23.760          0.000          0.000
        98         23.760          0.933          0.000
        99         23.760          1.865          0.000
       100         23.760          2.331          0.000
       101         23.760          2.798          0.000
       102         23.760          3.730          0.000
       103         23.760          4.662          0.000
       104         23.760          5.129          0.000
       105         23.760          5.595          0.000
       106         23.760          6.528          0.000
       107         23.760          7.460          0.000
       108         24.827         -1.750          0.000
       109         24.827          7.460          0.000
       110         25.360          7.460          0.000
       111         25.893         -1.750          0.000
       112         25.893          7.460          0.000
       113         26.960         -1.750          0.000
       114         26.960         -0.727          0.000
       115         26.960          0.297          0.000
       116         26.960          1.320          0.000
       117         26.960          2.343          0.000
       118         26.960          3.367          0.000
       119         26.960          4.390          0.000
       120         26.960          5.413          0.000
       121         26.960          6.437          0.000
       122         26.960          7.460          0.000
       123          0.000          5.960          0.800
       124          2.700          5.960          0.800
       125          5.400          0.000          0.800
       126          8.100          0.000          0.800
       127         14.400          5.960          0.800
       128         17.100          0.000          0.800
       129         19.800          0.000          0.800
       130         23.760          0.000          0.800
       131          0.000          0.000          0.900
       132          2.700          0.000          0.900
       133          5.400          5.960          0.900
       134          8.100          5.960          0.900
       135         11.700          0.000          0.900
       136         11.700          5.960          0.900
       137         14.400          0.000          0.900
       138         17.100          5.960          0.900
       139         19.800          5.960          0.900
       140         19.800          7.460          0.900
       141         23.760          7.460          0.900
       142         19.800          3.730          1.100
       143         23.760         -1.750          1.100
       144         23.760          3.730          1.100
       145         26.960         -1.750          1.100
       146         26.960          7.460          1.100
       147          0.000          0.000          1.650
       148          0.000          5.960          1.600
       149          2.700          0.000          1.650
       150          2.700          5.960          1.600
       151          5.400          0.000          1.600
       152          5.400          5.960          1.650
       153          8.100          0.000          1.600
       154          8.100          5.960          1.650
       155         11.700          0.000          1.650
       156         11.700          5.960          1.650
       157         14.400          0.000          1.650
       158         14.400          5.960          1.600
       159         17.100          0.000          1.600
       160         17.100          5.960          1.650
       161         19.800          0.000          1.600
       162         19.800          5.960          1.650
       163         19.800          7.460          1.650
       164         23.760          0.000          1.600
       165         23.760          7.460          1.650
       166         19.800          3.730          2.200
       167         23.760         -1.750          2.200
       168         23.760          3.730          2.200
       169         26.960         -1.750          2.200
       170         26.960          7.460          2.200
       171          0.000          0.000          2.400
       172          0.000          5.960          2.400
       173          2.700          0.000          2.400
       174          2.700          5.960          2.400
       175          5.400          0.000          2.400
       176          5.400          5.960          2.400
       177          8.100          0.000          2.400
       178          8.100          5.960          2.400
       179         11.700          0.000          2.400
       180         11.700          5.960          2.400
       181         14.400          0.000          2.400
       182         14.400          5.960          2.400
       183         17.100          0.000          2.400
       184         17.100          5.960          2.400
       185         19.800          0.000          2.400
       186         19.800          5.960          2.400
       187         19.800          7.460          2.400
       188         23.760          0.000          2.400
       189         23.760          7.460          2.400
       190          0.000         -1.750          3.300
       191          0.000          0.000          3.300
       192          0.000          0.993          3.300
       193          0.000          1.987          3.300
       194          0.000          2.980          3.300
       195          0.000          3.973          3.300
       196          0.000          4.967          3.300
       197          0.000          5.960          3.300
       198          0.000          7.460          3.300
       199          0.850          0.000          3.300
       200          0.850          5.960          3.300
       201          1.350          0.000          3.300
       202          1.350          5.960          3.300
       203          1.850          0.000          3.300
       204          1.850          5.960          3.300
       205          2.700         -1.750          3.300
       206          2.700          0.000          3.300
       207          2.700          5.960          3.300
       208          2.700          7.460          3.300
       209          3.600          0.000          3.300
       210          3.600          5.960          3.300
       211          4.500          0.000          3.300
       212          4.500          5.960          3.300
       213          5.400         -1.750          3.300
       214          5.400          0.000          3.300
       215          5.400          5.960          3.300
       216          5.400          7.460          3.300
       217          6.250          0.000          3.300
       218          6.250          5.960          3.300
       219          6.750          0.000          3.300
       220          6.750          5.960          3.300
       221          7.250          0.000          3.300
       222          7.250          5.960          3.300
       223          8.100         -1.750          3.300
       224          8.100          0.000          3.300
       225          8.100          0.993          3.300
       226          8.100          1.987          3.300
       227          8.100          2.980          3.300
       228          8.100          3.973          3.300
       229          8.100          4.967          3.300
       230          8.100          5.960          3.300
       231          8.100          7.460          3.300
       232          9.150          5.960          3.300
       233          9.270          0.000          3.300
       234          9.525          5.960          3.300
       235          9.900          5.960          3.300
       236         10.275          5.960          3.300
       237         10.440          0.000          3.300
       238         10.650          5.960          3.300
       239         10.940          0.000          3.300
       240         11.440          0.000          3.300
       241         11.700         -1.750          3.300
       242         11.700          0.000          3.300
       243         11.700          0.993          3.300
       244         11.700          1.987          3.300
       245         11.700          2.980          3.300
       246         11.700          3.973          3.300
       247         11.700          4.967          3.300
       248         11.700          5.960          3.300
       249         11.700          7.460          3.300
       250         12.550          0.000          3.300
       251         12.550          5.960          3.300
       252         13.050          0.000          3.300
       253         13.050          5.960          3.300
       254         13.550          0.000          3.300
       255         13.550          5.960          3.300
       256         14.400         -1.750          3.300
       257         14.400          0.000          3.300
       258         14.400          5.960          3.300
       259         14.400          7.460          3.300
       260         15.075          5.960          3.300
       261         15.300          0.000          3.300
       262         15.750          5.960          3.300
       263         16.200          0.000          3.300
       264         16.425          5.960          3.300
       265         17.100         -1.750          3.300
       266         17.100          0.000          3.300
       267         17.100          5.960          3.300
       268         17.100          7.460          3.300
       269         17.950          0.000          3.300
       270         17.950          5.960          3.300
       271         18.450          0.000          3.300
       272         18.450          5.960          3.300
       273         18.950          0.000          3.300
       274         18.950          5.960          3.300
       275         19.800         -1.750          3.300
       276         19.800          0.000          3.300
       277         19.800          0.933          3.300
       278         19.800          1.865          3.300
       279         19.800          2.798          3.300
       280         19.800          3.730          3.300
       281         19.800          4.845          3.300
       282         19.800          5.960          3.300
       283         19.800          6.710          3.300
       284         19.800          7.460          3.300
       285         20.633          0.000          3.300
       286         21.030          7.460          3.300
       287         21.467          0.000          3.300
       288         21.530          7.460          3.300
       289         22.030          7.460          3.300
       290         22.300          0.000          3.300
       291         22.530          7.460          3.300
       292         22.800          0.000          3.300
       293         23.300          0.000          3.300
       294         23.760         -1.750          3.300
       295         23.760          0.000          3.300
       296         23.760          0.933          3.300
       297         23.760          1.865          3.300
       298         23.760          2.798          3.300
       299         23.760          3.730          3.300
       300         23.760          4.662          3.300
       301         23.760          5.595          3.300
       302         23.760          6.528          3.300
       303         23.760          7.460          3.300
       304         24.827         -1.750          3.300
       305         24.827          7.460          3.300
       306         25.893         -1.750          3.300
       307         25.893          7.460          3.300
       308         26.960         -1.750          3.300
       309         26.960         -0.727          3.300
       310         26.960          0.297          3.300
       311         26.960          1.320          3.300
       312         26.960          2.343          3.300
       313         26.960          3.367          3.300
       314         26.960          4.390          3.300
       315         26.960          5.413          3.300
       316         26.960          6.437          3.300
       317         26.960          7.460          3.300
       318         13.612          3.009          3.300
       319          0.000          5.960          4.100
       320          2.700          5.960          4.100
       321          5.400          0.000          4.100
       322          8.100          0.000          4.100
       323         14.400          5.960          4.100
       324         17.100          0.000          4.100
       325         19.800          0.000          4.100
       326         23.760          0.000          4.100
       327         26.960          7.460          4.125
       328          0.000          0.000          4.200
       329          2.700          0.000          4.200
       330          5.400          5.960          4.200
       331          8.100          5.960          4.200
       332         11.700          0.000          4.200
       333         11.700          5.960          4.200
       334         14.400          0.000          4.200
       335         17.100          5.960          4.200
       336         19.800          5.960          4.200
       337         19.800          7.460          4.200
       338         23.760          7.460          4.200
       339         19.800          3.730          4.400
       340         23.760         -1.750          4.400
       341         23.760          3.730          4.400
       342         26.960         -1.750          4.400
       343         17.100          5.960          4.700
       344         19.800          5.960          4.700
       345          0.000          0.000          4.950
       346          0.000          5.960          4.900
       347          2.700          0.000          4.950
       348          2.700          5.960          4.900
       349          5.400          0.000          4.900
       350          5.400          5.960          4.950
       351          8.100          0.000          4.900
       352          8.100          5.960          4.950
       353         11.700          0.000          4.950
       354         11.700          5.960          4.950
       355         14.400          0.000          4.950
       356         14.400          5.960          4.900
       357         17.100          0.000          4.900
       358         19.800          0.000          4.900
       359         19.800          7.460          4.950
       360         23.760          0.000          4.900
       361         23.760          7.460          4.950
       362         26.960          7.460          4.950
       363         17.100          5.960          5.200
       364         19.800          5.960          5.200
       365         19.800          3.730          5.500
       366         23.760         -1.750          5.500
       367         23.760          3.730          5.500
       368         26.960         -1.750          5.500
       369          0.000          0.000          5.700
       370          0.000          5.960          5.700
       371          2.700          0.000          5.700
       372          2.700          5.960          5.700
       373          5.400          0.000          5.700
       374          5.400          5.960          5.700
       375          8.100          0.000          5.700
       376          8.100          5.960          5.700
       377         11.700          0.000          5.700
       378         11.700          5.960          5.700
       379         14.400          0.000          5.700
       380         14.400          5.960          5.700
       381         17.100          0.000          5.700
       382         17.100          5.960          5.700
       383         19.800          0.000          5.700
       384         19.800          5.960          5.700
       385         19.800          7.460          5.700
       386         23.760          0.000          5.700
       387         23.760          7.460          5.700
       388         26.960          7.460          5.775
       389          0.000         -1.750          6.600
       390          0.000          0.000          6.600
       391          0.000          0.993          6.600
       392          0.000          1.987          6.600
       393          0.000          2.980          6.600
       394          0.000          3.973          6.600
       395          0.000          4.967          6.600
       396          0.000          5.960          6.600
       397          0.000          7.460          6.600
       398          0.850          0.000          6.600
       399          0.850          5.960          6.600
       400          1.350          0.000          6.600
       401          1.350          5.960          6.600
       402          1.850          0.000          6.600
       403          1.850          5.960          6.600
       404          2.700         -1.750          6.600
       405          2.700          0.000          6.600
       406          2.700          5.960          6.600
       407          2.700          7.460          6.600
       408          3.600          0.000          6.600
       409          3.600          5.960          6.600
       410          4.500          0.000          6.600
       411          4.500          5.960          6.600
       412          5.400         -1.750          6.600
       413          5.400          0.000          6.600
       414          5.400          5.960          6.600
       415          5.400          7.460          6.600
       416          6.250          0.000          6.600
       417          6.250          5.960          6.600
       418          6.750          0.000          6.600
       419          6.750          5.960          6.600
       420          7.250          0.000          6.600
       421          7.250          5.960          6.600
       422          8.100         -1.750          6.600
       423          8.100          0.000          6.600
       424          8.100          0.993          6.600
       425          8.100          1.987          6.600
       426          8.100          2.980          6.600
       427          8.100          3.973          6.600
       428          8.100          4.967          6.600
       429          8.100          5.960          6.600
       430          8.100          7.460          6.600
       431          9.150          5.960          6.600
       432          9.270          0.000          6.600
       433          9.650          5.960          6.600
       434         10.150          5.960          6.600
       435         10.440          0.000          6.600
       436         10.650          5.960          6.600
       437         10.940          0.000          6.600
       438         11.440          0.000          6.600
       439         11.700         -1.750          6.600
       440         11.700          0.000          6.600
       441         11.700          0.993          6.600
       442         11.700          1.987          6.600
       443         11.700          2.980          6.600
       444         11.700          3.973          6.600
       445         11.700          4.967          6.600
       446         11.700          5.960          6.600
       447         11.700          7.460          6.600
       448         12.550          0.000          6.600
       449         12.550          5.960          6.600
       450         13.050          0.000          6.600
       451         13.050          5.960          6.600
       452         13.550          0.000          6.600
       453         13.550          5.960          6.600
       454         14.400         -1.750          6.600
       455         14.400          0.000          6.600
       456         14.400          5.960          6.600
       457         14.400          7.460          6.600
       458         15.300          0.000          6.600
       459         15.300          5.960          6.600
       460         16.200          0.000          6.600
       461         16.200          5.960          6.600
       462         17.100         -1.750          6.600
       463         17.100          0.000          6.600
       464         17.100          5.960          6.600
       465         17.100          7.460          6.600
       466         17.950          0.000          6.600
       467         17.950          5.960          6.600
       468         18.283          0.000          6.600
       469         18.450          5.960          6.600
       470         18.617          0.000          6.600
       471         18.950          0.000          6.600
       472         18.950          5.960          6.600
       473         19.800         -1.750          6.600
       474         19.800          0.000          6.600
       475         19.800          0.746          6.600
       476         19.800          1.492          6.600
       477         19.800          2.238          6.600
       478         19.800          2.984          6.600
       479         19.800          3.730          6.600
       480         19.800          4.845          6.600
       481         19.800          5.960          6.600
       482         19.800          6.460          6.600
       483         19.800          6.960          6.600
       484         19.800          7.460          6.600
       485         20.425          0.000          6.600
       486         21.050          0.000          6.600
       487         21.030          7.460          6.600
       488         21.405          7.460          6.600
       489         21.675          0.000          6.600
       490         21.780          7.460          6.600
       491         22.155          7.460          6.600
       492         22.300          0.000          6.600
       493         22.530          7.460          6.600
       494         22.800          0.000          6.600
       495         23.300          0.000          6.600
       496         23.760         -1.750          6.600
       497         23.760          0.000          6.600
       498         23.760          0.746          6.600
       499         23.760          1.492          6.600
       500         23.760          2.238          6.600
       501         23.760          2.984          6.600
       502         23.760          3.730          6.600
       503         23.760          4.476          6.600
       504         23.760          5.222          6.600
       505         23.760          5.968          6.600
       506         23.760          6.714          6.600
       507         23.760          7.460          6.600
       508         24.827         -1.750          6.600
       509         24.827          7.460          6.600
       510         25.893         -1.750          6.600
       511         25.893          7.460          6.600
       512         26.960         -1.750          6.600
       513         26.960         -0.829          6.600
       514         26.960          0.092          6.600
       515         26.960          1.013          6.600
       516         26.960          1.934          6.600
       517         26.960          2.855          6.600
       518         26.960          3.776          6.600
       519         26.960          4.697          6.600
       520         26.960          5.618          6.600
       521         26.960          6.539          6.600
       522         26.960          7.460          6.600
       523         13.612          3.009          6.600
       524          0.000          5.960          7.400
       525          2.700          5.960          7.400
       526          5.400          0.000          7.400
       527          8.100          0.000          7.400
       528         14.400          5.960          7.400
       529         17.100          0.000          7.400
       530         19.800          0.000          7.400
       531         23.760          0.000          7.400
       532          0.000          0.000          7.500
       533          2.700          0.000          7.500
       534          5.400          5.960          7.500
       535          8.100          5.960          7.500
       536         11.700          0.000          7.500
       537         11.700          5.960          7.500
       538         14.400          0.000          7.500
       539         17.100          5.960          7.500
       540         19.800          5.960          7.500
       541         19.800          7.460          7.500
       542         23.760          7.460          7.500
       543         19.800          3.730          7.700
       544         23.760         -1.750          7.700
       545         23.760          3.730          7.700
       546         26.960         -1.750          7.700
       547         26.960          7.460          7.700
       548          0.000          0.000          8.250
       549          0.000          5.960          8.200
       550          2.700          0.000          8.250
       551          2.700          5.960          8.200
       552          5.400          0.000          8.200
       553          5.400          5.960          8.250
       554          8.100          0.000          8.200
       555          8.100          5.960          8.250
       556         11.700          0.000          8.250
       557         11.700          5.960          8.250
       558         14.400          0.000          8.250
       559         14.400          5.960          8.200
       560         17.100          0.000          8.200
       561         17.100          5.960          8.250
       562         19.800          0.000          8.200
       563         19.800          5.960          8.250
       564         19.800          7.460          8.250
       565         23.760          0.000          8.200
       566         23.760          7.460          8.250
       567         19.800          3.730          8.800
       568         23.760         -1.750          8.800
       569         23.760          3.730          8.800
       570         26.960         -1.750          8.800
       571         26.960          7.460          8.800
       572          0.000          0.000          9.000
       573          0.000          5.960          9.000
       574          2.700          0.000          9.000
       575          2.700          5.960          9.000
       576          5.400          0.000          9.000
       577          5.400          5.960          9.000
       578          8.100          0.000          9.000
       579          8.100          5.960          9.000
       580         11.700          0.000          9.000
       581         11.700          5.960          9.000
       582         14.400          0.000          9.000
       583         14.400          5.960          9.000
       584         17.100          0.000          9.000
       585         17.100          5.960          9.000
       586         19.800          0.000          9.000
       587         19.800          5.960          9.000
       588         19.800          7.460          9.000
       589         23.760          0.000          9.000
       590         23.760          7.460          9.000
       591          0.000         -1.750          9.900
       592          0.000          0.000          9.900
       593          0.000          0.993          9.900
       594          0.000          1.987          9.900
       595          0.000          2.980          9.900
       596          0.000          3.973          9.900
       597          0.000          4.967          9.900
       598          0.000          5.960          9.900
       599          0.000          7.460          9.900
       600          0.850          0.000          9.900
       601          0.850          5.960          9.900
       602          1.183          0.000          9.900
       603          1.183          5.960          9.900
       604          1.517          0.000          9.900
       605          1.517          5.960          9.900
       606          1.850          0.000          9.900
       607          1.850          5.960          9.900
       608          2.700         -1.750          9.900
       609          2.700          0.000          9.900
       610          2.700          5.960          9.900
       611          2.700          7.460          9.900
       612          3.600          0.000          9.900
       613          3.600          5.960          9.900
       614          4.500          0.000          9.900
       615          4.500          5.960          9.900
       616          5.400         -1.750          9.900
       617          5.400          0.000          9.900
       618          5.400          5.960          9.900
       619          5.400          7.460          9.900
       620          6.250          0.000          9.900
       621          6.250          5.960          9.900
       622          6.583          0.000          9.900
       623          6.583          5.960          9.900
       624          6.917          0.000          9.900
       625          6.917          5.960          9.900
       626          7.250          0.000          9.900
       627          7.250          5.960          9.900
       628          8.100         -1.750          9.900
       629          8.100          0.000          9.900
       630          8.100          0.993          9.900
       631          8.100          1.987          9.900
       632          8.100          2.980          9.900
       633          8.100          3.973          9.900
       634          8.100          4.967          9.900
       635          8.100          5.960          9.900
       636          8.100          7.460          9.900
       637          8.880          0.000          9.900
       638          9.150          5.960          9.900
       639          9.525          5.960          9.900
       640          9.660          0.000          9.900
       641          9.900          5.960          9.900
       642         10.275          5.960          9.900
       643         10.440          0.000          9.900
       644         10.650          5.960          9.900
       645         10.940          0.000          9.900
       646         11.440          0.000          9.900
       647         11.700         -1.750          9.900
       648         11.700          0.000          9.900
       649         11.700          0.993          9.900
       650         11.700          1.987          9.900
       651         11.700          2.980          9.900
       652         11.700          3.973          9.900
       653         11.700          4.967          9.900
       654         11.700          5.960          9.900
       655         11.700          7.460          9.900
       656         12.550          0.000          9.900
       657         12.550          5.960          9.900
       658         12.883          0.000          9.900
       659         12.883          5.960          9.900
       660         13.217          0.000          9.900
       661         13.217          5.960          9.900
       662         13.550          0.000          9.900
       663         13.550          5.960          9.900
       664         14.400         -1.750          9.900
       665         14.400          0.000          9.900
       666         14.400          5.960          9.900
       667         14.400          7.460          9.900
       668         15.300          0.000          9.900
       669         15.300          5.960          9.900
       670         16.200          0.000          9.900
       671         16.200          5.960          9.900
       672         17.100         -1.750          9.900
       673         17.100          0.000          9.900
       674         17.100          5.960          9.900
       675         17.100          7.460          9.900
       676         17.950          0.000          9.900
       677         17.950          5.960          9.900
       678         18.283          5.960          9.900
       679         18.450          0.000          9.900
       680         18.617          5.960          9.900
       681         18.950          0.000          9.900
       682         18.950          5.960          9.900
       683         19.800         -1.750          9.900
       684         19.800          0.000          9.900
       685         19.800          0.746          9.900
       686         19.800          1.492          9.900
       687         19.800          1.865          9.900
       688         19.800          2.238          9.900
       689         19.800          2.984          9.900
       690         19.800          3.730          9.900
       691         19.800          4.288          9.900
       692         19.800          4.845          9.900
       693         19.800          5.960          9.900
       694         19.800          6.460          9.900
       695         19.800          6.960          9.900
       696         19.800          7.460          9.900
       697         20.633          0.000          9.900
       698         21.030          7.460          9.900
       699         21.467          0.000          9.900
       700         21.530          7.460          9.900
       701         22.030          7.460          9.900
       702         22.300          0.000          9.900
       703         22.530          7.460          9.900
       704         22.800          0.000          9.900
       705         23.300          0.000          9.900
       706         23.760         -1.750          9.900
       707         23.760          0.000          9.900
       708         23.760          0.746          9.900
       709         23.760          1.492          9.900
       710         23.760          1.865          9.900
       711         23.760          2.238          9.900
       712         23.760          2.984          9.900
       713         23.760          3.730          9.900
       714         23.760          4.476          9.900
       715         23.760          4.849          9.900
       716         23.760          5.222          9.900
       717         23.760          5.968          9.900
       718         23.760          6.714          9.900
       719         23.760          7.460          9.900
       720         24.827         -1.750          9.900
       721         24.827          7.460          9.900
       722         25.360          7.460          9.900
       723         25.893         -1.750          9.900
       724         25.893          7.460          9.900
       725         26.960         -1.750          9.900
       726         26.960         -0.829          9.900
       727         26.960          0.092          9.900
       728         26.960          1.013          9.900
       729         26.960          1.934          9.900
       730         26.960          2.855          9.900
       731         26.960          3.776          9.900
       732         26.960          4.697          9.900
       733         26.960          5.618          9.900
       734         26.960          6.539          9.900
       735         26.960          7.460          9.900
       736         13.637          3.005          9.900
