         1          0.000          0.000          0.000
         2          0.000          0.993          0.000
         3          0.000          1.987          0.000
         4          0.000          2.980          0.000
         5          0.000          3.973          0.000
         6          0.000          4.967          0.000
         7          0.000          5.960          0.000
         8          1.275          0.000          0.000
         9          1.275          5.960          0.000
        10          1.650          0.000          0.000
        11          1.650          5.960          0.000
        12          2.025          0.000          0.000
        13          2.025          5.960          0.000
        14          2.400          0.000          0.000
        15          2.400          5.960          0.000
        16          2.775          0.000          0.000
        17          2.775          5.960          0.000
        18          4.050          0.000          0.000
        19          4.050          0.993          0.000
        20          4.050          1.987          0.000
        21          4.050          2.980          0.000
        22          4.050          3.973          0.000
        23          4.050          4.967          0.000
        24          4.050          5.960          0.000
        25          5.062          0.000          0.000
        26          5.325          5.960          0.000
        27          5.700          5.960          0.000
        28          6.075          0.000          0.000
        29          6.075          5.960          0.000
        30          6.450          5.960          0.000
        31          6.825          5.960          0.000
        32          7.088          0.000          0.000
        33          8.100          0.000          0.000
        34          8.100          0.993          0.000
        35          8.100          1.987          0.000
        36          8.100          2.980          0.000
        37          8.100          3.973          0.000
        38          8.100          4.967          0.000
        39          8.100          5.960          0.000
        40          9.150          0.000          0.000
        41          9.150          5.960          0.000
        42          9.525          0.000          0.000
        43          9.525          5.960          0.000
        44          9.900          0.000          0.000
        45          9.900          5.960          0.000
        46         10.275          0.000          0.000
        47         10.275          5.960          0.000
        48         10.650          0.000          0.000
        49         10.650          5.960          0.000
        50         11.700          0.000          0.000
        51         11.700          0.993          0.000
        52         11.700          1.987          0.000
        53         11.700          2.980          0.000
        54         11.700          3.973          0.000
        55         11.700          4.967          0.000
        56         11.700          5.960          0.000
        57         12.975          0.000          0.000
        58         12.975          5.960          0.000
        59         13.350          0.000          0.000
        60         13.350          5.960          0.000
        61         13.725          0.000          0.000
        62         13.725          5.960          0.000
        63         14.100          0.000          0.000
        64         14.100          5.960          0.000
        65         14.475          0.000          0.000
        66         14.475          5.960          0.000
        67         15.750          0.000          0.000
        68         15.750          0.993          0.000
        69         15.750          1.987          0.000
        70         15.750          2.980          0.000
        71         15.750          3.973          0.000
        72         15.750          4.967          0.000
        73         15.750          5.960          0.000
        74         17.025          0.000          0.000
        75         17.025          5.960          0.000
        76         17.400          0.000          0.000
        77         17.400          5.960          0.000
        78         17.775          0.000          0.000
        79         17.775          5.960          0.000
        80         18.150          0.000          0.000
        81         18.150          5.960          0.000
        82         18.525          0.000          0.000
        83         18.525          5.960          0.000
        84         19.800          0.000          0.000
        85         19.800          0.993          0.000
        86         19.800          1.987          0.000
        87         19.800          2.980          0.000
        88         19.800          3.973          0.000
        89         19.800          4.967          0.000
        90         19.800          5.960          0.000
        91         19.800          6.335          0.000
        92         19.800          6.710          0.000
        93         19.800          7.460          0.000
        94         20.790          0.000          0.000
        95         20.790          5.960          0.000
        96         20.790          7.460          0.000
        97         21.780          0.000          0.000
        98         21.780          5.960          0.000
        99         21.780          7.460          0.000
       100         22.275          0.000          0.000
       101         22.275          5.960          0.000
       102         22.770          0.000          0.000
       103         22.770          5.960          0.000
       104         22.770          7.460          0.000
       105         23.760          0.000          0.000
       106         23.760          0.993          0.000
       107         23.760          1.987          0.000
       108         23.760          2.980          0.000
       109         23.760          3.973          0.000
       110         23.760          4.967          0.000
       111         23.760          5.960          0.000
       112         23.760          6.710          0.000
       113         23.760          7.460          0.000
       114          0.000          0.000          0.900
       115          0.000          5.960          0.900
       116          4.050          0.000          0.900
       117          4.050          5.960          0.900
       118          8.100          0.000          0.900
       119          8.100          5.960          0.900
       120         11.700          0.000          0.900
       121         11.700          5.960          0.900
       122         15.750          0.000          0.900
       123         15.750          5.960          0.900
       124         19.800          0.000          0.900
       125         19.800          5.960          0.900
       126         19.800          7.460          1.100
       127         23.760          0.000          1.100
       128         23.760          5.960          1.100
       129         23.760          7.460          1.100
       130          0.000          0.000          1.800
       131          0.000          5.960          1.800
       132          4.050          0.000          1.800
       133          4.050          5.960          1.800
       134          8.100          0.000          1.800
       135          8.100          5.960          1.800
       136         11.700          0.000          1.800
       137         11.700          5.960          1.800
       138         15.750          0.000          1.800
       139         15.750          5.960          1.800
       140         19.800          0.000          1.800
       141         19.800          5.960          1.800
       142         19.800          7.460          2.200
       143         23.760          0.000          2.200
       144         23.760          5.960          2.200
       145         23.760          7.460          2.200
       146          0.000          0.000          2.700
       147          0.000          5.960          2.700
       148          4.050          0.000          2.700
       149          4.050          5.960          2.700
       150          8.100          0.000          2.700
       151          8.100          5.960          2.700
       152         11.700          0.000          2.700
       153         11.700          5.960          2.700
       154         15.750          0.000          2.700
       155         15.750          5.960          2.700
       156         19.800          0.000          2.700
       157         19.800          5.960          2.700
       158          0.000          0.000          3.300
       159          0.000          0.993          3.300
       160          0.000          1.987          3.300
       161          0.000          2.980          3.300
       162          0.000          3.973          3.300
       163          0.000          4.967          3.300
       164          0.000          5.960          3.300
       165          1.275          0.000          3.300
       166          1.275          5.960          3.300
       167          1.775          0.000          3.300
       168          1.775          5.960          3.300
       169          2.275          0.000          3.300
       170          2.275          5.960          3.300
       171          2.775          0.000          3.300
       172          2.775          5.960          3.300
       173          4.050          0.000          3.300
       174          4.050          0.993          3.300
       175          4.050          1.987          3.300
       176          4.050          2.980          3.300
       177          4.050          3.973          3.300
       178          4.050          4.967          3.300
       179          4.050          5.960          3.300
       180          5.062          0.000          3.300
       181          5.325          5.960          3.300
       182          5.825          5.960          3.300
       183          6.075          0.000          3.300
       184          6.325          5.960          3.300
       185          6.825          5.960          3.300
       186          7.088          0.000          3.300
       187          8.100          0.000          3.300
       188          8.100          0.993          3.300
       189          8.100          1.987          3.300
       190          8.100          2.980          3.300
       191          8.100          3.973          3.300
       192          8.100          4.967          3.300
       193          8.100          5.960          3.300
       194          9.150          0.000          3.300
       195          9.150          5.960          3.300
       196          9.650          0.000          3.300
       197          9.650          5.960          3.300
       198         10.150          0.000          3.300
       199         10.150          5.960          3.300
       200         10.650          0.000          3.300
       201         10.650          5.960          3.300
       202         11.700          0.000          3.300
       203         11.700          0.993          3.300
       204         11.700          1.987          3.300
       205         11.700          2.980          3.300
       206         11.700          3.973          3.300
       207         11.700          4.967          3.300
       208         11.700          5.960          3.300
       209         12.975          0.000          3.300
       210         12.975          5.960          3.300
       211         13.475          0.000          3.300
       212         13.475          5.960          3.300
       213         13.975          0.000          3.300
       214         13.975          5.960          3.300
       215         14.475          0.000          3.300
       216         14.475          5.960          3.300
       217         15.750          0.000          3.300
       218         15.750          0.993          3.300
       219         15.750          1.987          3.300
       220         15.750          2.980          3.300
       221         15.750          3.973          3.300
       222         15.750          4.967          3.300
       223         15.750          5.960          3.300
       224         17.025          0.000          3.300
       225         17.025          5.960          3.300
       226         17.525          0.000          3.300
       227         17.525          5.960          3.300
       228         18.025          0.000          3.300
       229         18.025          5.960          3.300
       230         18.525          0.000          3.300
       231         18.525          5.960          3.300
       232         19.800          0.000          3.300
       233         19.800          0.993          3.300
       234         19.800          1.987          3.300
       235         19.800          2.980          3.300
       236         19.800          3.973          3.300
       237         19.800          4.967          3.300
       238         19.800          5.960          3.300
       239         19.800          6.710          3.300
       240         19.800          7.460          3.300
       241         20.790          0.000          3.300
       242         20.790          5.960          3.300
       243         20.790          7.460          3.300
       244         21.780          0.000          3.300
       245         21.780          5.960          3.300
       246         21.780          7.460          3.300
       247         22.770          0.000          3.300
       248         22.770          5.960          3.300
       249         22.770          7.460          3.300
       250         23.760          0.000          3.300
       251         23.760          0.993          3.300
       252         23.760          1.987          3.300
       253         23.760          2.980          3.300
       254         23.760          3.973          3.300
       255         23.760          4.967          3.300
       256         23.760          5.960          3.300
       257         23.760          6.710          3.300
       258         23.760          7.460          3.300
       259         12.610          3.236          3.300
       260          0.000          0.000          4.200
       261          0.000          5.960          4.200
       262          4.050          0.000          4.200
       263          4.050          5.960          4.200
       264          8.100          0.000          4.200
       265          8.100          5.960          4.200
       266         11.700          0.000          4.200
       267         11.700          5.960          4.200
       268         15.750          0.000          4.200
       269         15.750          5.960          4.200
       270         19.800          0.000          4.200
       271         19.800          5.960          4.200
       272         19.800          7.460          4.400
       273         23.760          0.000          4.400
       274         23.760          5.960          4.400
       275         23.760          7.460          4.400
       276          0.000          0.000          5.100
       277          0.000          5.960          5.100
       278          4.050          0.000          5.100
       279          4.050          5.960          5.100
       280          8.100          0.000          5.100
       281          8.100          5.960          5.100
       282         11.700          0.000          5.100
       283         11.700          5.960          5.100
       284         15.750          0.000          5.100
       285         15.750          5.960          5.100
       286         19.800          0.000          5.100
       287         19.800          5.960          5.100
       288         19.800          7.460          5.500
       289         23.760          0.000          5.500
       290         23.760          5.960          5.500
       291         23.760          7.460          5.500
       292          0.000          0.000          6.000
       293          0.000          5.960          6.000
       294          4.050          0.000          6.000
       295          4.050          5.960          6.000
       296          8.100          0.000          6.000
       297          8.100          5.960          6.000
       298         11.700          0.000          6.000
       299         11.700          5.960          6.000
       300         15.750          0.000          6.000
       301         15.750          5.960          6.000
       302         19.800          0.000          6.000
       303         19.800          5.960          6.000
       304          0.000          0.000          6.600
       305          0.000          0.993          6.600
       306          0.000          1.987          6.600
       307          0.000          2.980          6.600
       308          0.000          3.973          6.600
       309          0.000          4.967          6.600
       310          0.000          5.960          6.600
       311          1.275          0.000          6.600
       312          1.275          5.960          6.600
       313          1.650          0.000          6.600
       314          1.650          5.960          6.600
       315          2.025          0.000          6.600
       316          2.025          5.960          6.600
       317          2.400          0.000          6.600
       318          2.400          5.960          6.600
       319          2.775          0.000          6.600
       320          2.775          5.960          6.600
       321          4.050          0.000          6.600
       322          4.050          0.993          6.600
       323          4.050          1.987          6.600
       324          4.050          2.980          6.600
       325          4.050          3.973          6.600
       326          4.050          4.967          6.600
       327          4.050          5.960          6.600
       328          5.062          0.000          6.600
       329          5.325          5.960          6.600
       330          5.700          5.960          6.600
       331          6.075          0.000          6.600
       332          6.075          5.960          6.600
       333          6.450          5.960          6.600
       334          6.825          5.960          6.600
       335          7.088          0.000          6.600
       336          8.100          0.000          6.600
       337          8.100          0.993          6.600
       338          8.100          1.987          6.600
       339          8.100          2.980          6.600
       340          8.100          3.973          6.600
       341          8.100          4.967          6.600
       342          8.100          5.960          6.600
       343          9.150          0.000          6.600
       344          9.150          5.960          6.600
       345          9.525          0.000          6.600
       346          9.525          5.960          6.600
       347          9.900          0.000          6.600
       348          9.900          5.960          6.600
       349         10.275          0.000          6.600
       350         10.275          5.960          6.600
       351         10.650          0.000          6.600
       352         10.650          5.960          6.600
       353         11.700          0.000          6.600
       354         11.700          0.993          6.600
       355         11.700          1.987          6.600
       356         11.700          2.980          6.600
       357         11.700          3.973          6.600
       358         11.700          4.967          6.600
       359         11.700          5.960          6.600
       360         12.975          0.000          6.600
       361         12.975          5.960          6.600
       362         13.350          0.000          6.600
       363         13.350          5.960          6.600
       364         13.725          0.000          6.600
       365         13.725          5.960          6.600
       366         14.100          0.000          6.600
       367         14.100          5.960          6.600
       368         14.475          0.000          6.600
       369         14.475          5.960          6.600
       370         15.750          0.000          6.600
       371         15.750          0.993          6.600
       372         15.750          1.987          6.600
       373         15.750          2.980          6.600
       374         15.750          3.973          6.600
       375         15.750          4.967          6.600
       376         15.750          5.960          6.600
       377         17.025          0.000          6.600
       378         17.025          5.960          6.600
       379         17.400          0.000          6.600
       380         17.400          5.960          6.600
       381         17.775          0.000          6.600
       382         17.775          5.960          6.600
       383         18.150          0.000          6.600
       384         18.150          5.960          6.600
       385         18.525          0.000          6.600
       386         18.525          5.960          6.600
       387         19.800          0.000          6.600
       388         19.800          0.993          6.600
       389         19.800          1.987          6.600
       390         19.800          2.980          6.600
       391         19.800          3.973          6.600
       392         19.800          4.967          6.600
       393         19.800          5.960          6.600
       394         19.800          6.335          6.600
       395         19.800          6.710          6.600
       396         19.800          7.460          6.600
       397         20.790          0.000          6.600
       398         20.790          5.960          6.600
       399         20.790          7.460          6.600
       400         21.780          0.000          6.600
       401         21.780          5.960          6.600
       402         21.780          7.460          6.600
       403         22.275          0.000          6.600
       404         22.275          5.960          6.600
       405         22.770          0.000          6.600
       406         22.770          5.960          6.600
       407         22.770          7.460          6.600
       408         23.760          0.000          6.600
       409         23.760          0.993          6.600
       410         23.760          1.987          6.600
       411         23.760          2.980          6.600
       412         23.760          3.973          6.600
       413         23.760          4.967          6.600
       414         23.760          5.960          6.600
       415         23.760          6.710          6.600
       416         23.760          7.460          6.600
       417         12.610          3.236          6.600
