         1          0.000          0.000          0.000
         2          0.000          0.965          0.000
         3          0.000          1.930          0.000
         4          0.000          2.830          0.000
         5          0.000          3.730          0.000
         6          0.000          4.473          0.000
         7          0.000          5.217          0.000
         8          0.000          5.960          0.000
         9          0.000          6.710          0.000
        10          0.000          7.460          0.000
        11          0.230          5.960          0.000
        12          0.680          5.960          0.000
        13          0.890          0.000          0.000
        14          1.130          5.960          0.000
        15          1.390          0.000          0.000
        16          1.350          5.960          0.000
        17          1.630          5.960          0.000
        18          1.890          0.000          0.000
        19          1.880          5.960          0.000
        20          2.130          5.960          0.000
        21          2.415          5.960          0.000
        22          2.700          0.000          0.000
        23          2.700          5.960          0.000
        24          3.300          0.000          0.000
        25          3.300          5.960          0.000
        26          4.050          0.000          0.000
        27          4.050          5.960          0.000
        28          4.800          0.000          0.000
        29          4.800          5.960          0.000
        30          5.400          0.000          0.000
        31          5.400          5.960          0.000
        32          5.685          5.960          0.000
        33          5.970          5.960          0.000
        34          6.210          0.000          0.000
        35          6.220          5.960          0.000
        36          6.470          5.960          0.000
        37          6.710          0.000          0.000
        38          6.750          5.960          0.000
        39          6.970          5.960          0.000
        40          7.210          0.000          0.000
        41          7.420          5.960          0.000
        42          7.870          5.960          0.000
        43          8.100          0.000          0.000
        44          8.100          0.993          0.000
        45          8.100          1.987          0.000
        46          8.100          2.980          0.000
        47          8.100          3.973          0.000
        48          8.100          4.967          0.000
        49          8.100          5.960          0.000
        50          8.625          5.960          0.000
        51          9.150          0.000          0.000
        52          9.150          5.960          0.000
        53          9.650          0.000          0.000
        54          9.900          5.960          0.000
        55         10.150          0.000          0.000
        56         10.650          0.000          0.000
        57         10.650          5.960          0.000
        58         11.175          5.960          0.000
        59         11.700          0.000          0.000
        60         11.700          0.993          0.000
        61         11.700          1.987          0.000
        62         11.700          2.980          0.000
        63         11.700          3.973          0.000
        64         11.700          4.967          0.000
        65         11.700          5.960          0.000
        66         11.930          5.960          0.000
        67         12.380          5.960          0.000
        68         12.590          0.000          0.000
        69         12.830          5.960          0.000
        70         13.090          0.000          0.000
        71         13.050          5.960          0.000
        72         13.330          5.960          0.000
        73         13.590          0.000          0.000
        74         13.580          5.960          0.000
        75         13.830          5.960          0.000
        76         14.115          5.960          0.000
        77         14.400          0.000          0.000
        78         14.400          5.960          0.000
        79         15.000          0.000          0.000
        80         15.000          5.960          0.000
        81         15.500          0.000          0.000
        82         15.500          5.960          0.000
        83         16.000          0.000          0.000
        84         16.000          5.960          0.000
        85         16.500          0.000          0.000
        86         16.500          5.960          0.000
        87         17.100          0.000          0.000
        88         17.100          5.960          0.000
        89         17.385          5.960          0.000
        90         17.670          5.960          0.000
        91         17.910          0.000          0.000
        92         17.920          5.960          0.000
        93         18.170          5.960          0.000
        94         18.410          0.000          0.000
        95         18.450          5.960          0.000
        96         18.670          5.960          0.000
        97         18.910          0.000          0.000
        98         19.120          5.960          0.000
        99         19.570          5.960          0.000
       100         19.800          0.000          0.000
       101         19.800          0.933          0.000
       102         19.800          1.865          0.000
       103         19.800          2.331          0.000
       104         19.800          2.798          0.000
       105         19.800          3.730          0.000
       106         19.800          4.288          0.000
       107         19.800          4.845          0.000
       108         19.800          5.960          0.000
       109         19.800          6.240          0.000
       110         19.800          6.690          0.000
       111         19.800          7.140          0.000
       112         19.800          7.460          0.000
       113         20.790          0.000          0.000
       114         21.030          7.460          0.000
       115         21.530          7.460          0.000
       116         21.780          0.000          0.000
       117         22.030          7.460          0.000
       118         22.530          7.460          0.000
       119         22.770          0.000          0.000
       120         23.760          0.000          0.000
       121         23.760          0.930          0.000
       122         23.760          1.430          0.000
       123         23.760          1.930          0.000
       124         23.760          2.430          0.000
       125         23.760          3.730          0.000
       126         23.760          5.030          0.000
       127         23.760          5.530          0.000
       128         23.760          6.030          0.000
       129         23.760          6.530          0.000
       130         23.760          7.460          0.000
       131          0.000          0.000          0.800
       132          0.000          5.960          0.800
       133          0.000          7.460          0.800
       134          2.700          0.000          0.800
       135          5.400          0.000          0.800
       136          8.100          0.000          0.800
       137          8.100          5.960          0.800
       138          9.900          5.960          0.800
       139         11.700          0.000          0.800
       140         11.700          5.960          0.800
       141         14.400          0.000          0.800
       142         17.100          0.000          0.800
       143         19.800          0.000          0.800
       144         19.800          5.960          0.800
       145         19.800          7.460          0.800
       146         23.760          0.000          0.800
       147          1.350          5.960          0.900
       148          2.700          5.960          0.900
       149          5.400          5.960          0.900
       150          6.750          5.960          0.900
       151         13.050          5.960          0.900
       152         14.400          5.960          0.900
       153         17.100          5.960          0.900
       154         18.450          5.960          0.900
       155         23.760          3.730          0.900
       156         23.760          7.460          0.900
       157         19.800          3.730          1.100
       158          0.000          0.000          1.600
       159          0.000          5.960          1.600
       160          0.000          7.460          1.600
       161          1.350          5.960          1.650
       162          2.700          0.000          1.600
       163          2.700          5.960          1.650
       164          5.400          0.000          1.600
       165          5.400          5.960          1.650
       166          6.750          5.960          1.650
       167          8.100          0.000          1.600
       168          8.100          5.960          1.600
       169          9.900          5.960          1.600
       170         11.700          0.000          1.600
       171         11.700          5.960          1.600
       172         13.050          5.960          1.650
       173         14.400          0.000          1.600
       174         14.400          5.960          1.650
       175         17.100          0.000          1.600
       176         17.100          5.960          1.650
       177         18.450          5.960          1.650
       178         19.800          0.000          1.600
       179         19.800          5.960          1.600
       180         19.800          7.460          1.600
       181         23.760          0.000          1.600
       182         23.760          3.730          1.650
       183         23.760          7.460          1.650
       184         19.800          3.730          2.200
       185          0.000          0.000          2.400
       186          0.000          5.960          2.400
       187          0.000          7.460          2.400
       188          1.350          5.960          2.400
       189          2.700          0.000          2.400
       190          2.700          5.960          2.400
       191          5.400          0.000          2.400
       192          5.400          5.960          2.400
       193          6.750          5.960          2.400
       194          8.100          0.000          2.400
       195          8.100          5.960          2.400
       196          9.900          5.960          2.400
       197         11.700          0.000          2.400
       198         11.700          5.960          2.400
       199         13.050          5.960          2.400
       200         14.400          0.000          2.400
       201         14.400          5.960          2.400
       202         17.100          0.000          2.400
       203         17.100          5.960          2.400
       204         18.450          5.960          2.400
       205         19.800          0.000          2.400
       206         19.800          5.960          2.400
       207         19.800          7.460          2.400
       208         23.760          0.000          2.400
       209         23.760          3.730          2.400
       210         23.760          7.460          2.400
       211          0.000         -1.750          3.300
       212          0.000          0.000          3.300
       213          0.000          0.965          3.300
       214          0.000          1.930          3.300
       215          0.000          2.530          3.300
       216          0.000          3.130          3.300
       217          0.000          3.730          3.300
       218          0.000          4.845          3.300
       219          0.000          5.960          3.300
       220          0.000          6.710          3.300
       221          0.000          7.460          3.300
       222          0.230          5.960          3.300
       223          0.680          5.960          3.300
       224          0.890          0.000          3.300
       225          1.130          5.960          3.300
       226          1.340          0.000          3.300
       227          1.350          5.960          3.300
       228          1.630          5.960          3.300
       229          1.790          0.000          3.300
       230          1.880          5.960          3.300
       231          2.130          5.960          3.300
       232          2.700         -1.750          3.300
       233          2.700          0.000          3.300
       234          2.700          5.960          3.300
       235          2.700          6.710          3.300
       236          2.700          7.460          3.300
       237          3.126          5.960          3.300
       238          3.300          0.000          3.300
       239          3.423          5.960          3.300
       240          4.050          0.000          3.300
       241          4.050          5.960          3.300
       242          4.300          5.960          3.300
       243          4.550          5.960          3.300
       244          4.800          0.000          3.300
       245          4.800          5.960          3.300
       246          5.100          5.960          3.300
       247          5.400         -1.750          3.300
       248          5.400          0.000          3.300
       249          5.400          5.960          3.300
       250          5.400          6.710          3.300
       251          5.400          7.460          3.300
       252          5.970          5.960          3.300
       253          6.210          0.000          3.300
       254          6.220          5.960          3.300
       255          6.470          5.960          3.300
       256          6.750          0.000          3.300
       257          6.750          5.960          3.300
       258          6.970          5.960          3.300
       259          7.210          0.000          3.300
       260          7.420          5.960          3.300
       261          7.870          5.960          3.300
       262          8.100         -1.750          3.300
       263          8.100          0.000          3.300
       264          8.100          0.993          3.300
       265          8.100          1.987          3.300
       266          8.100          2.980          3.300
       267          8.100          3.973          3.300
       268          8.100          4.967          3.300
       269          8.100          5.960          3.300
       270          8.100          6.710          3.300
       271          8.100          7.460          3.300
       272          9.150          0.000          3.300
       273          9.150          5.960          3.300
       274          9.525          5.960          3.300
       275          9.900          0.000          3.300
       276          9.900          5.960          3.300
       277         10.275          5.960          3.300
       278         10.521          0.000          3.300
       279         10.650          5.960          3.300
       280         11.421          0.000          3.300
       281         11.700         -1.750          3.300
       282         11.700          0.000          3.300
       283         11.700          0.993          3.300
       284         11.700          1.987          3.300
       285         11.700          2.980          3.300
       286         11.700          3.973          3.300
       287         11.700          4.967          3.300
       288         11.700          5.960          3.300
       289         11.700          6.710          3.300
       290         11.700          7.460          3.300
       291         11.930          5.960          3.300
       292         12.380          5.960          3.300
       293         12.590          0.000          3.300
       294         12.830          5.960          3.300
       295         13.050          0.000          3.300
       296         13.050          5.960          3.300
       297         13.330          5.960          3.300
       298         13.590          0.000          3.300
       299         13.580          5.960          3.300
       300         13.830          5.960          3.300
       301         14.400         -1.750          3.300
       302         14.400          0.000          3.300
       303         14.400          5.960          3.300
       304         14.400          6.710          3.300
       305         14.400          7.460          3.300
       306         15.000          0.000          3.300
       307         15.000          5.960          3.300
       308         15.500          0.000          3.300
       309         15.500          5.960          3.300
       310         16.000          0.000          3.300
       311         16.000          5.960          3.300
       312         16.500          0.000          3.300
       313         16.500          5.960          3.300
       314         17.100         -1.750          3.300
       315         17.100          0.000          3.300
       316         17.100          5.960          3.300
       317         17.100          6.710          3.300
       318         17.100          7.460          3.300
       319         17.670          5.960          3.300
       320         17.910          0.000          3.300
       321         17.920          5.960          3.300
       322         18.170          5.960          3.300
       323         18.450          0.000          3.300
       324         18.450          5.960          3.300
       325         18.670          5.960          3.300
       326         18.910          0.000          3.300
       327         19.120          5.960          3.300
       328         19.570          5.960          3.300
       329         19.800         -1.750          3.300
       330         19.800          0.000          3.300
       331         19.800          0.933          3.300
       332         19.800          1.865          3.300
       333         19.800          2.798          3.300
       334         19.800          3.730          3.300
       335         19.800          4.845          3.300
       336         19.800          5.960          3.300
       337         19.800          6.240          3.300
       338         19.800          6.690          3.300
       339         19.800          7.140          3.300
       340         19.800          7.460          3.300
       341         20.790          0.000          3.300
       342         21.030          7.460          3.300
       343         21.530          7.460          3.300
       344         21.780          0.000          3.300
       345         22.030          7.460          3.300
       346         22.530          7.460          3.300
       347         22.770          0.000          3.300
       348         23.760         -1.750          3.300
       349         23.760          0.000          3.300
       350         23.760          0.930          3.300
       351         23.760          1.430          3.300
       352         23.760          1.930          3.300
       353         23.760          2.430          3.300
       354         23.760          3.730          3.300
       355         23.760          4.411          3.300
       356         23.760          5.091          3.300
       357         23.760          5.591          3.300
       358         23.760          6.091          3.300
       359         23.760          6.591          3.300
       360         23.760          7.460          3.300
       361         12.136          2.983          3.300
       362          0.000          0.000          3.900
       363          2.700          0.000          3.900
       364          5.400          0.000          3.900
       365          8.100          0.000          3.900
       366          8.100          5.960          3.900
       367          8.100          7.460          3.900
       368          9.900          0.000          3.900
       369          9.900          5.960          3.900
       370         13.050          0.000          3.900
       371         18.450          0.000          3.900
       372          0.000          5.960          4.100
       373          0.000          7.460          4.100
       374          4.050          0.000          4.100
       375          6.750          0.000          4.100
       376         11.700          0.000          4.100
       377         11.700          5.960          4.100
       378         11.700          7.460          4.100
       379         19.800          0.000          4.100
       380         19.800          3.760          4.125
       381         19.800          5.960          4.100
       382         23.760          0.000          4.100
       383          2.700          5.960          4.200
       384          2.700          7.460          4.200
       385          4.050          5.960          4.200
       386          5.400          5.960          4.200
       387          5.400          7.460          4.200
       388          6.750          5.960          4.200
       389         13.050          5.960          4.200
       390         14.400          0.000          4.200
       391         14.400          5.960          4.200
       392         14.400          7.460          4.200
       393         17.100          0.000          4.200
       394         17.100          5.960          4.200
       395         17.100          7.460          4.200
       396         18.450          5.960          4.200
       397         19.800          7.460          4.200
       398         23.760          3.763          4.199
       399         23.760          7.460          4.200
       400          0.000          0.000          4.500
       401          2.700          0.000          4.500
       402          5.400          0.000          4.500
       403          8.100          0.000          4.500
       404          8.100          5.960          4.500
       405          8.100          7.460          4.500
       406          9.900          0.000          4.500
       407          9.900          5.960          4.500
       408         13.050          0.000          4.500
       409         18.450          0.000          4.500
       410          2.700          5.960          4.700
       411          2.700          7.460          4.700
       412          6.750          5.960          4.700
       413         19.800          7.460          4.700
       414         23.760          3.782          4.699
       415         23.760          7.460          4.700
       416          0.000          5.960          4.900
       417          0.000          7.460          4.900
       418          4.050          0.000          4.900
       419          4.050          5.960          4.950
       420          5.400          5.960          4.950
       421          5.400          7.460          4.950
       422          6.750          0.000          4.900
       423         11.700          0.000          4.900
       424         11.700          5.960          4.900
       425         11.700          7.460          4.900
       426         13.050          5.960          4.950
       427         14.400          0.000          4.950
       428         14.400          5.960          4.950
       429         14.400          7.460          4.950
       430         17.100          0.000          4.950
       431         17.100          5.960          4.950
       432         17.100          7.460          4.950
       433         18.450          5.960          4.950
       434         19.800          0.000          4.900
       435         19.800          3.791          4.950
       436         19.800          5.960          4.900
       437         23.760          0.000          4.900
       438          0.000          0.000          5.100
       439          2.700          0.000          5.100
       440          5.400          0.000          5.100
       441          8.100          0.000          5.100
       442          8.100          5.960          5.100
       443          8.100          7.460          5.100
       444          9.900          0.000          5.100
       445          9.900          5.960          5.100
       446         13.050          0.000          5.100
       447         18.450          0.000          5.100
       448          2.700          5.960          5.200
       449          2.700          7.460          5.200
       450          6.750          5.960          5.200
       451         19.800          7.460          5.200
       452         23.760          3.800          5.199
       453         23.760          7.460          5.200
       454          0.000          0.000          5.700
       455          0.000          5.960          5.700
       456          0.000          7.460          5.700
       457          2.700          0.000          5.700
       458          2.700          5.960          5.700
       459          2.700          7.460          5.700
       460          4.050          0.000          5.700
       461          4.050          5.960          5.700
       462          5.400          0.000          5.700
       463          5.400          5.960          5.700
       464          5.400          7.460          5.700
       465          6.750          0.000          5.700
       466          6.750          5.960          5.700
       467          8.100          0.000          5.700
       468          8.100          5.960          5.700
       469          8.100          7.460          5.700
       470          9.900          0.000          5.700
       471          9.900          5.960          5.700
       472         11.700          0.000          5.700
       473         11.700          5.960          5.700
       474         11.700          7.460          5.700
       475         13.050          0.000          5.700
       476         13.050          5.960          5.700
       477         14.400          0.000          5.700
       478         14.400          5.960          5.700
       479         14.400          7.460          5.700
       480         17.100          0.000          5.700
       481         17.100          5.960          5.700
       482         17.100          7.460          5.700
       483         18.450          0.000          5.700
       484         18.450          5.960          5.700
       485         19.800          0.000          5.700
       486         19.800          5.960          5.700
       487         19.800          7.460          5.700
       488         23.760          0.000          5.700
       489         23.760          3.819          5.698
       490         23.760          7.460          5.700
       491         19.800          3.822          5.775
       492          0.000         -1.750          6.600
       493          0.000          0.000          6.600
       494          0.000          0.993          6.600
       495          0.000          1.987          6.600
       496          0.000          2.980          6.600
       497          0.000          3.973          6.600
       498          0.000          4.967          6.600
       499          0.000          5.960          6.600
       500          0.000          6.710          6.600
       501          0.000          7.460          6.600
       502          0.230          5.960          6.600
       503          0.680          5.960          6.600
       504          0.890          0.000          6.600
       505          1.130          5.960          6.600
       506          1.340          0.000          6.600
       507          1.790          0.000          6.600
       508          1.915          5.960          6.600
       509          2.700         -1.750          6.600
       510          2.700          0.000          6.600
       511          2.700          5.960          6.600
       512          2.700          6.710          6.600
       513          2.700          7.460          6.600
       514          3.030          5.960          6.600
       515          3.300          0.000          6.600
       516          3.280          5.960          6.600
       517          3.550          0.000          6.600
       518          3.530          5.960          6.600
       519          3.800          0.000          6.600
       520          4.050          0.000          6.600
       521          4.050          5.960          6.600
       522          4.300          5.960          6.600
       523          4.425          0.000          6.600
       524          4.550          5.960          6.600
       525          4.800          0.000          6.600
       526          4.800          5.960          6.600
       527          5.400         -1.750          6.600
       528          5.400          0.000          6.600
       529          5.400          5.960          6.600
       530          5.400          6.710          6.600
       531          5.400          7.460          6.600
       532          5.970          5.960          6.600
       533          6.210          0.000          6.600
       534          6.220          5.960          6.600
       535          6.480          0.000          6.600
       536          6.470          5.960          6.600
       537          6.750          0.000          6.600
       538          6.750          5.960          6.600
       539          6.980          0.000          6.600
       540          6.970          5.960          6.600
       541          7.210          0.000          6.600
       542          7.420          5.960          6.600
       543          7.870          5.960          6.600
       544          8.100         -1.750          6.600
       545          8.100          0.000          6.600
       546          8.100          0.993          6.600
       547          8.100          1.987          6.600
       548          8.100          2.980          6.600
       549          8.100          3.973          6.600
       550          8.100          4.967          6.600
       551          8.100          5.960          6.600
       552          8.100          6.710          6.600
       553          8.100          7.460          6.600
       554          8.700          5.960          6.600
       555          9.000          0.000          6.600
       556          9.300          5.960          6.600
       557          9.900          0.000          6.600
       558          9.900          5.960          6.600
       559         10.521          0.000          6.600
       560         10.800          5.960          6.600
       561         10.971          0.000          6.600
       562         11.421          0.000          6.600
       563         11.700         -1.750          6.600
       564         11.700          0.000          6.600
       565         11.700          0.993          6.600
       566         11.700          1.987          6.600
       567         11.700          2.980          6.600
       568         11.700          3.973          6.600
       569         11.700          4.967          6.600
       570         11.700          5.960          6.600
       571         11.700          6.710          6.600
       572         11.700          7.460          6.600
       573         11.930          5.960          6.600
       574         12.380          5.960          6.600
       575         12.590          0.000          6.600
       576         12.820          0.000          6.600
       577         12.830          5.960          6.600
       578         13.050          0.000          6.600
       579         13.050          5.960          6.600
       580         13.320          0.000          6.600
       581         13.330          5.960          6.600
       582         13.590          0.000          6.600
       583         13.580          5.960          6.600
       584         13.830          5.960          6.600
       585         14.400         -1.750          6.600
       586         14.400          0.000          6.600
       587         14.400          5.960          6.600
       588         14.400          6.710          6.600
       589         14.400          7.460          6.600
       590         15.000          0.000          6.600
       591         15.000          5.960          6.600
       592         15.500          0.000          6.600
       593         15.500          5.960          6.600
       594         16.000          0.000          6.600
       595         16.000          5.960          6.600
       596         16.500          0.000          6.600
       597         16.500          5.960          6.600
       598         17.100         -1.750          6.600
       599         17.100          0.000          6.600
       600         17.100          5.960          6.600
       601         17.100          6.710          6.600
       602         17.100          7.460          6.600
       603         17.505          0.000          6.600
       604         17.670          5.960          6.600
       605         17.910          0.000          6.600
       606         17.920          5.960          6.600
       607         18.180          0.000          6.600
       608         18.170          5.960          6.600
       609         18.450          0.000          6.600
       610         18.450          5.960          6.600
       611         18.680          0.000          6.600
       612         18.670          5.960          6.600
       613         18.910          0.000          6.600
       614         19.120          5.960          6.600
       615         19.570          5.960          6.600
       616         19.800         -1.750          6.600
       617         19.800          0.000          6.600
       618         19.800          0.963          6.600
       619         19.800          1.926          6.600
       620         19.800          2.889          6.600
       621         19.800          3.852          6.600
       622         19.800          4.906          6.600
       623         19.800          5.960          6.600
       624         19.800          6.240          6.600
       625         19.800          6.690          6.600
       626         19.800          7.140          6.600
       627         19.800          7.460          6.600
       628         20.790          0.000          6.600
       629         21.030          7.460          6.600
       630         21.530          7.460          6.600
       631         21.780          0.000          6.600
       632         22.030          7.460          6.600
       633         22.530          7.460          6.600
       634         22.770          0.000          6.600
       635         23.760         -1.750          6.600
       636         23.760          0.000          6.600
       637         23.760          0.930          6.600
       638         23.760          1.430          6.600
       639         23.760          1.930          6.600
       640         23.760          2.430          6.600
       641         23.760          3.141          6.600
       642         23.760          3.852          6.600
       643         23.760          4.533          6.600
       644         23.760          5.213          6.600
       645         23.760          5.713          6.600
       646         23.760          6.213          6.600
       647         23.760          6.713          6.600
       648         23.760          7.460          6.600
       649         11.920          3.113          6.600
       650          0.000          0.000          7.400
       651          0.000          5.960          7.400
       652          0.000          7.460          7.400
       653          2.700          0.000          7.400
       654          4.050          0.000          7.400
       655          5.400          0.000          7.400
       656          6.750          0.000          7.400
       657          8.100          0.000          7.400
       658          8.100          5.960          7.400
       659          8.100          7.460          7.400
       660          9.900          0.000          7.400
       661          9.900          5.960          7.400
       662         11.700          0.000          7.400
       663         11.700          5.960          7.400
       664         11.700          7.460          7.400
       665         13.050          0.000          7.400
       666         18.450          0.000          7.400
       667         19.800          0.000          7.400
       668         19.800          5.960          7.400
       669         23.760          0.000          7.400
       670          2.700          5.960          7.500
       671          2.700          7.460          7.500
       672          4.050          5.960          7.500
       673          5.400          5.960          7.500
       674          5.400          7.460          7.500
       675          6.750          5.960          7.500
       676         13.050          5.960          7.500
       677         14.400          0.000          7.500
       678         14.400          5.960          7.500
       679         14.400          7.460          7.500
       680         17.100          0.000          7.500
       681         17.100          5.960          7.500
       682         17.100          7.460          7.500
       683         18.450          5.960          7.500
       684         19.800          7.460          7.500
       685         23.760          3.852          7.500
       686         23.760          7.460          7.500
       687         19.800          3.852          7.700
       688          0.000          0.000          8.200
       689          0.000          5.960          8.200
       690          0.000          7.460          8.200
       691          2.700          0.000          8.200
       692          2.700          5.960          8.250
       693          2.700          7.460          8.250
       694          4.050          0.000          8.200
       695          4.050          5.960          8.250
       696          5.400          0.000          8.200
       697          5.400          5.960          8.250
       698          5.400          7.460          8.250
       699          6.750          0.000          8.200
       700          6.750          5.960          8.250
       701          8.100          0.000          8.200
       702          8.100          5.960          8.200
       703          8.100          7.460          8.200
       704          9.900          0.000          8.200
       705          9.900          5.960          8.200
       706         11.700          0.000          8.200
       707         11.700          5.960          8.200
       708         11.700          7.460          8.200
       709         13.050          0.000          8.200
       710         13.050          5.960          8.250
       711         14.400          0.000          8.250
       712         14.400          5.960          8.250
       713         14.400          7.460          8.250
       714         17.100          0.000          8.250
       715         17.100          5.960          8.250
       716         17.100          7.460          8.250
       717         18.450          0.000          8.200
       718         18.450          5.960          8.250
       719         19.800          0.000          8.200
       720         19.800          5.960          8.200
       721         19.800          7.460          8.250
       722         23.760          0.000          8.200
       723         23.760          3.852          8.250
       724         23.760          7.460          8.250
       725         19.800          3.852          8.800
       726          0.000          0.000          9.000
       727          0.000          5.960          9.000
       728          0.000          7.460          9.000
       729          2.700          0.000          9.000
       730          2.700          5.960          9.000
       731          2.700          7.460          9.000
       732          4.050          0.000          9.000
       733          4.050          5.960          9.000
       734          5.400          0.000          9.000
       735          5.400          5.960          9.000
       736          5.400          7.460          9.000
       737          6.750          0.000          9.000
       738          6.750          5.960          9.000
       739          8.100          0.000          9.000
       740          8.100          5.960          9.000
       741          8.100          7.460          9.000
       742          9.900          0.000          9.000
       743          9.900          5.960          9.000
       744         11.700          0.000          9.000
       745         11.700          5.960          9.000
       746         11.700          7.460          9.000
       747         13.050          0.000          9.000
       748         13.050          5.960          9.000
       749         14.400          0.000          9.000
       750         14.400          5.960          9.000
       751         14.400          7.460          9.000
       752         17.100          0.000          9.000
       753         17.100          5.960          9.000
       754         17.100          7.460          9.000
       755         18.450          0.000          9.000
       756         18.450          5.960          9.000
       757         19.800          0.000          9.000
       758         19.800          5.960          9.000
       759         19.800          7.460          9.000
       760         23.760          0.000          9.000
       761         23.760          3.852          9.000
       762         23.760          7.460          9.000
       763          0.000         -1.750          9.900
       764          0.000          0.000          9.900
       765          0.000          0.993          9.900
       766          0.000          1.987          9.900
       767          0.000          2.980          9.900
       768          0.000          3.973          9.900
       769          0.000          4.967          9.900
       770          0.000          5.960          9.900
       771          0.000          6.710          9.900
       772          0.000          7.460          9.900
       773          0.230          5.960          9.900
       774          0.680          5.960          9.900
       775          0.890          0.000          9.900
       776          1.130          5.960          9.900
       777          1.340          0.000          9.900
       778          1.653          5.960          9.900
       779          1.790          0.000          9.900
       780          2.177          5.960          9.900
       781          2.245          0.000          9.900
       782          2.700         -1.750          9.900
       783          2.700          0.000          9.900
       784          2.700          5.960          9.900
       785          2.700          6.710          9.900
       786          2.700          7.460          9.900
       787          3.030          5.960          9.900
       788          3.300          0.000          9.900
       789          3.280          5.960          9.900
       790          3.530          5.960          9.900
       791          3.675          0.000          9.900
       792          3.790          5.960          9.900
       793          4.050          0.000          9.900
       794          4.050          5.960          9.900
       795          4.300          0.000          9.900
       796          4.300          5.960          9.900
       797          4.550          0.000          9.900
       798          4.550          5.960          9.900
       799          4.800          0.000          9.900
       800          4.800          5.960          9.900
       801          5.100          5.960          9.900
       802          5.400         -1.750          9.900
       803          5.400          0.000          9.900
       804          5.400          5.960          9.900
       805          5.400          6.710          9.900
       806          5.400          7.460          9.900
       807          5.685          5.960          9.900
       808          5.805          0.000          9.900
       809          5.970          5.960          9.900
       810          6.210          0.000          9.900
       811          6.220          5.960          9.900
       812          6.480          0.000          9.900
       813          6.470          5.960          9.900
       814          6.750          0.000          9.900
       815          6.750          5.960          9.900
       816          6.980          0.000          9.900
       817          6.970          5.960          9.900
       818          7.210          0.000          9.900
       819          7.270          5.960          9.900
       820          7.570          5.960          9.900
       821          7.655          0.000          9.900
       822          7.870          5.960          9.900
       823          8.100         -1.750          9.900
       824          8.100          0.000          9.900
       825          8.100          0.993          9.900
       826          8.100          1.987          9.900
       827          8.100          2.980          9.900
       828          8.100          3.973          9.900
       829          8.100          4.967          9.900
       830          8.100          5.960          9.900
       831          8.100          6.710          9.900
       832          8.100          7.460          9.900
       833          8.550          5.960          9.900
       834          9.000          0.000          9.900
       835          9.000          5.960          9.900
       836          9.450          5.960          9.900
       837          9.900          0.000          9.900
       838          9.900          5.960          9.900
       839         10.521          0.000          9.900
       840         10.821          0.000          9.900
       841         10.800          5.960          9.900
       842         11.121          0.000          9.900
       843         11.421          0.000          9.900
       844         11.700         -1.750          9.900
       845         11.700          0.000          9.900
       846         11.700          0.993          9.900
       847         11.700          1.987          9.900
       848         11.700          2.980          9.900
       849         11.700          3.973          9.900
       850         11.700          4.967          9.900
       851         11.700          5.960          9.900
       852         11.700          6.710          9.900
       853         11.700          7.460          9.900
       854         11.930          5.960          9.900
       855         12.145          0.000          9.900
       856         12.230          5.960          9.900
       857         12.530          5.960          9.900
       858         12.590          0.000          9.900
       859         12.820          0.000          9.900
       860         12.830          5.960          9.900
       861         13.050          0.000          9.900
       862         13.050          5.960          9.900
       863         13.320          0.000          9.900
       864         13.330          5.960          9.900
       865         13.590          0.000          9.900
       866         13.580          5.960          9.900
       867         13.830          5.960          9.900
       868         13.995          0.000          9.900
       869         14.115          5.960          9.900
       870         14.400         -1.750          9.900
       871         14.400          0.000          9.900
       872         14.400          5.960          9.900
       873         14.400          6.710          9.900
       874         14.400          7.460          9.900
       875         15.000          0.000          9.900
       876         15.000          5.960          9.900
       877         15.375          0.000          9.900
       878         15.375          5.960          9.900
       879         15.750          0.000          9.900
       880         15.750          5.960          9.900
       881         16.125          0.000          9.900
       882         16.125          5.960          9.900
       883         16.500          0.000          9.900
       884         16.500          5.960          9.900
       885         17.100         -1.750          9.900
       886         17.100          0.000          9.900
       887         17.100          5.960          9.900
       888         17.100          6.710          9.900
       889         17.100          7.460          9.900
       890         17.385          5.960          9.900
       891         17.670          5.960          9.900
       892         17.910          0.000          9.900
       893         17.920          5.960          9.900
       894         18.180          0.000          9.900
       895         18.170          5.960          9.900
       896         18.450          0.000          9.900
       897         18.450          5.960          9.900
       898         18.680          0.000          9.900
       899         18.670          5.960          9.900
       900         18.910          0.000          9.900
       901         18.970          5.960          9.900
       902         19.270          5.960          9.900
       903         19.355          0.000          9.900
       904         19.570          5.960          9.900
       905         19.800         -1.750          9.900
       906         19.800          0.000          9.900
       907         19.800          0.481          9.900
       908         19.800          0.963          9.900
       909         19.800          1.926          9.900
       910         19.800          2.889          9.900
       911         19.800          3.852          9.900
       912         19.800          4.379          9.900
       913         19.800          4.906          9.900
       914         19.800          5.960          9.900
       915         19.800          6.240          9.900
       916         19.800          6.540          9.900
       917         19.800          6.840          9.900
       918         19.800          7.140          9.900
       919         19.800          7.460          9.900
       920         20.790          0.000          9.900
       921         21.030          7.460          9.900
       922         21.405          7.460          9.900
       923         21.780          0.000          9.900
       924         21.780          7.460          9.900
       925         22.155          7.460          9.900
       926         22.530          7.460          9.900
       927         22.770          0.000          9.900
       928         23.760         -1.750          9.900
       929         23.760          0.000          9.900
       930         23.760          0.930          9.900
       931         23.760          1.305          9.900
       932         23.760          1.680          9.900
       933         23.760          2.055          9.900
       934         23.760          2.430          9.900
       935         23.760          3.141          9.900
       936         23.760          3.852          9.900
       937         23.760          4.563          9.900
       938         23.760          5.274          9.900
       939         23.760          5.649          9.900
       940         23.760          6.024          9.900
       941         23.760          6.399          9.900
       942         23.760          6.774          9.900
       943         23.760          7.460          9.900
       944         11.925          3.103          9.900
